   6.9533376792818877E-310
   1.0119057797344407E-003
   2.0227513103150750E-003
   3.0314774500219770E-003
   4.0370272708608757E-003
   5.0383471625718374E-003
   6.0343879332160942E-003
   7.0241059052056059E-003
   8.0064640056443995E-003
   8.9804328498562826E-003
   9.9449918169802060E-003
   1.0899130116522313E-002
   1.1841847844762563E-002
   1.2772157029923762E-002
   1.3689082665021857E-002
   1.4591663727328468E-002
   1.5478954183389725E-002
   1.6350023978559742E-002
   1.7203960010022289E-002
   1.8039867082290474E-002
   1.8856868844191556E-002
   1.9654108706362319E-002
   2.0430750738299652E-002
   2.1185980544031355E-002
   2.1919006115493238E-002
   2.2629058662720872E-002
   2.3315393419987361E-002
   2.3977290427042421E-002
   2.4614055284633042E-002
   2.5225019883511630E-002
   2.5809543106164044E-002
   2.6367011500517450E-002
   2.6896839924915983E-002
   2.7398472163681149E-002
   2.7871381512603637E-002
   2.8315071333743586E-002
   2.8729075578947411E-002
   2.9112959281521085E-002
   2.9466319015532198E-002
   2.9788783322245986E-002
   3.0080013103234257E-002
   3.0339701979730096E-002
   3.0567576617835972E-002
   3.0763397019227895E-002
   3.0926956777033818E-002
   3.1058083296600498E-002
   3.1156637980899241E-002
   3.1222516380357727E-002
   3.1255648306941983E-002
   3.1255997912349842E-002
   3.1223563730214739E-002
   3.1158378682256117E-002
   3.1060510048350812E-002
   3.0930059400537377E-002
   3.0767162501003482E-002
   3.0571989164144418E-002
   3.0344743082818714E-002
   3.0085661618964782E-002
   2.9795015558780447E-002
   2.9473108832704712E-002
   2.9120278200478796E-002
   2.8736892901600704E-002
   2.8323354271524544E-002
   2.7880095323992674E-002
   2.7407580299925034E-002
   2.6906304183326010E-002
   2.6376792184704782E-002
   2.5819599192540160E-002
   2.5235309193355537E-002
   2.4624534661003464E-002
   2.3987915915793016E-002
   2.3326120454125694E-002
   2.2639842249337856E-002
   2.1929801024479036E-002
   2.1196741497786189E-002
   2.0441432601643779E-002
   1.9664666675848666E-002
   1.8867258636026948E-002
   1.8050045118077240E-002
   1.7213883599541225E-002
   1.6359651498827718E-002
   1.5488245253240935E-002
   1.4600579376787083E-002
   1.3697585498755644E-002
   1.2780211384093101E-002
   1.1849419936606985E-002
   1.0906188186057136E-002
   9.9515062602089522E-003
   8.9863763429401267E-003
   8.0118116195078398E-003
   7.0288352100976725E-003
   6.0384790927885210E-003
   5.0417830170796018E-003
   4.0397934091361302E-003
   3.0335622699194957E-003
   2.0241460673756824E-003
   1.0126046238623130E-003
   0.0000000000000000     
   0.0000000000000000     
   0.0000000000000000     
   0.0000000000000000     
